0	-38.0011734	145.1621408
1	-37.669672	145.051001
2	-37.845864	145.299206
3	-37.91563034	145.0064545
4	-37.772145	144.91697
5	-37.733318	145.099638
6	-37.68663025	144.8905487
7	-37.817395	144.966378
8	-38.066151	145.320827
9	-37.656129	145.154935
10	-37.844335	144.704797
11	-37.782079	145.090492
12	-37.814646	145.277301
13	-38.187703	145.195036
14	-38.059905	145.344849
15	-37.810529	145.049642
16	-38.126886	145.135621
17	-37.969259	145.212567
18	-38.171903	145.139734
19	-37.67494	144.555887
20	-38.109445	145.148565
21	-37.834211	144.857939
22	-38.09846497	145.2875824
23	-38.05872	145.312845
24	-37.765857	145.124059
25	-37.83191	145.253301
26	-38.348433	145.175903
27	-38.364857	144.910973
28	-37.904646	145.082878
29	-38.056945	145.336464
30	-37.793752	145.053984
31	-37.888795	144.762268
32	-38.258287	145.050708
33	-37.847081	144.726427
34	-37.751496	145.132313
35	-37.82510376	144.9458923
36	-37.66136932	145.0840149
37	-37.849184	145.05518
38	-37.674861	145.013986
39	-37.755504	144.753851
40	-38.355192	144.762938
41	-38.02090836	144.3929596
42	-37.985856	145.136916
43	-37.735908	144.824578
44	-38.367061	144.885643
45	-37.92769623	145.0323029
46	-37.593634	144.697207
47	-38.264274	144.550588
48	-37.681454	144.921699
49	-38.110438	145.261355
50	-37.611826	144.91756
51	-37.862253	144.709816
52	-37.406345	144.974009
53	-37.664346	145.044596
54	-37.952107	145.017025
55	-37.871358	145.022905
56	-37.861128	144.810268
57	-37.856774	145.045568
58	-38.269463	144.623573
59	-37.964644	145.087844
60	-37.798451	144.968143
61	-37.881366	145.117858
62	-37.858275	144.991784
63	-37.597044	144.931
64	-37.870037	144.820736
65	-38.223088	145.181769
66	-37.863737	145.150258
67	-37.954933	145.196145
68	-37.772241	145.092958
69	-37.754235	145.305772
70	-37.851953	145.139603
71	-37.868953	145.080773
72	-38.073873	145.1278583
73	-37.895742	144.639713
74	-38.261949	144.527554
75	-37.869444	144.780899
76	-37.781573	144.548642
77	-38.154934	145.264218
78	-38.168813	145.158486
79	-37.724483	145.146884
80	-37.692483	144.759647
81	-37.777055	145.094834
82	-37.826634	145.072189
83	-37.759916	144.997386
84	-37.718642	144.925131
85	-37.7733818	144.9539378
86	-37.67727661	145.0769348
87	-37.79177856	144.9242706
88	-37.8771019	144.7478333
89	-37.859811	144.89196
90	-37.780741	145.125417
91	-37.73132324	144.9928436
92	-37.9913559	145.3509674
93	-37.807492	144.947208
94	-38.384651	144.817296
95	-37.742612	144.749105
96	-37.90757	145.186768
97	-37.84854507	145.0209045
98	-37.756893	144.925722
99	-37.669313	144.562127
100	-37.803833	144.96902
101	-37.86121	144.679831
102	-38.043588	145.370601
103	-37.806015	144.901766
104	-38.09139252	145.1981964
105	-37.731961	145.097127
106	-37.781646	144.927521
107	-38.353848	144.754452
108	-37.744083	144.908027
109	-37.7080574	145.1494141
110	-37.88891	145.1794
111	-37.808484	145.04991
112	-37.786245	145.316381
113	-38.168452	145.130751
114	-37.968576	145.059527
115	-37.71091	144.943905
116	-37.791906	144.875543
117	-37.622696	144.926943
118	-37.885056	145.135569
119	-37.83872223	145.2627411
120	-37.82292557	145.1952057
121	-37.745638	144.856126
122	-37.93508911	145.0241089
123	-38.04312134	145.1370087
124	-37.68358	144.751029
125	-37.6595644	145.0260975
126	-37.832232	145.272752
127	-37.997798	145.30373
128	-37.890402	145.059665
129	-37.772533	145.093646
130	-38.14421082	145.1687775
131	-37.5032575	145.1149356
132	-37.80288315	145.2118073
133	-37.961264	145.205636
134	-37.786978	145.303293
135	-37.698449	145.060446
136	-38.05127716	145.337677
137	-37.87092972	144.7785645
138	-37.696975	144.930566
139	-38.1583786	145.148819
140	-37.736527	144.959057
141	-38.377728	144.804045
142	-37.864924	144.774681
143	-37.918555	145.198189
144	-37.873927	145.226639
145	-37.760699	145.005915
146	-37.849385	144.701016
147	-37.9098609	144.7376724
148	-37.672882	145.069697
149	-37.731993	144.779205
150	-37.87747	145.174911
151	-37.733232	145.153809
152	-37.745409	145.079808
153	-37.632448	145.066001
154	-37.491441	144.596452
155	-37.658806	145.069936
156	-37.795853	144.932764
157	-38.120773	144.66833
158	-37.892842	144.652494
159	-38.369436	144.916999
160	-37.795375	145.300818
161	-38.132436	145.292801
162	-37.896543	144.635629
163	-38.239158	145.055779
164	-37.784025	145.315084
165	-37.775326	145.030071
166	-37.807211	145.329484
167	-37.961138	145.267912
168	-38.120792	145.263765
169	-37.67017746	144.4369812
170	-37.970129	145.267332
171	-37.64501953	144.8839874
172	-37.899247	145.319924
173	-38.32626	144.980964
174	-37.82204437	144.8419495
175	-38.026595	145.1012
176	-38.38716	144.817999
177	-37.639025	145.064751
178	-38.372269	144.847039
179	-37.74476	145.062324
180	-37.6841507	144.4239349
181	-37.763169	145.005198
182	-38.076659	145.29252
183	-38.393709	145.119222
184	-38.149899	145.124169
185	-37.777316	145.056146
186	-37.643004	144.924963
187	-37.87059784	144.9797058
188	-37.810876	145.162033
189	-37.7408454	145.0528697
190	-38.231498	145.18708
191	-37.763879	144.806762
192	-37.969782	145.279711
193	-37.700524	144.578737
194	-37.844128	145.1295
195	-37.839513	144.691177
196	-37.712729	145.007238
197	-38.037819	145.280863
198	-37.864555	145.326431
199	-37.859515	145.30603
200	-37.71904755	145.0040588
201	-37.905994	145.320948
202	-37.712684	144.794066
203	-37.987778	145.031899
204	-37.937428	145.133519
205	-37.8546896	144.9712139
206	-37.868143	145.226372
207	-37.609459	144.923889
208	-37.760147	145.366974
209	-37.852695	144.961072
210	-37.835021	145.05134
211	-37.706444	144.575249
212	-37.73674	145.042207
213	-37.878244	145.151812
214	-37.847743	144.997641
215	-37.865702	145.042906
216	-37.891388	145.259579
217	-37.76343918	145.0209656
218	-38.2238238	145.17765
219	-38.319394	144.990346
220	-37.944919	145.00205
221	-38.389505	144.795052
222	-37.839273	145.076143
223	-37.832908	145.11577
224	-37.685591	144.936065
225	-38.149977	145.18616
226	-38.061502	145.356537
227	-37.786095	144.873051
228	-37.685648	145.110144
229	-38.015612	145.307402
230	-37.787506	145.160574
231	-37.8437869	144.688071
232	-38.034951	145.272437
233	-37.831293	144.969028
234	-37.606553	145.129241
235	-38.303279	144.993695
236	-37.714115	145.022544
237	-37.728359	144.986853
238	-37.792452	145.216153
239	-37.847748	144.709302
240	-37.816254	145.037984
241	-38.373666	144.908804
242	-37.997635	145.172264
243	-37.794947	145.303427
244	-38.094806	145.26885
245	-37.969892	145.269471
246	-38.12068558	145.1564331
247	-38.0011832	145.2702347
248	-37.902944	144.766735
249	-37.6913414	144.7637787
250	-38.034442	145.116567
251	-37.796035	145.182398
252	-37.675854	144.446031
253	-38.134522	145.133272
254	-37.887257	145.246173
255	-37.874579	145.124773
256	-37.840951	144.990585
257	-38.114763	145.290899
258	-37.699034	144.9150585
259	-37.720427	145.092411
260	-38.048121	145.250284
261	-37.75902	145.3634401
262	-38.112132	145.166489
263	-37.702544	144.936058
264	-37.672644	144.557204
265	-37.802626	144.827115
266	-37.84079361	145.0050201
267	-37.793196	144.969015
268	-37.983217	145.307921
269	-38.163792	144.569863
270	-38.042065	145.376149
271	-37.65443039	145.052475
272	-37.741711	144.822688
273	-37.976666	145.247617
274	-37.712532	144.780584
275	-37.917951	145.058105
276	-37.732377	145.016486
277	-38.2336998	145.040802
278	-37.878677	145.010997
279	-37.760329	145.004336
280	-38.058202	145.246296
281	-37.824446	145.2748
282	-37.674323	145.077898
283	-37.612662	144.9092
284	-37.683018	145.113134
285	-37.717653	145.075511
286	-37.49533	144.594939
287	-37.670176	144.436981
288	-37.868528	144.90118
289	-38.351796	144.754187
290	-37.959148	145.080097
291	-38.096888	145.292198
292	-37.86962128	145.1016388
293	-37.943199	145.033908
294	-37.697306	144.568231
295	-37.956666	145.069792
296	-38.342772	144.743453
297	-37.727012	145.206011
298	-37.900607	144.779812
299	-37.653357	145.206432
300	-37.96091	145.130552
301	-37.85676575	144.9872742
302	-37.869976	145.100827
303	-37.754449	144.950119
304	-37.737575	145.072938
305	-37.654281	145.04058
306	-37.766143	144.974114
307	-37.999569	145.169244
308	-37.895347	145.168789
309	-37.747349	144.964866
310	-37.89749908	145.26297
311	-37.58377075	144.9204102
312	-37.737894	144.81256
313	-37.78986	144.970558
314	-37.813219	145.191912
315	-37.90628	145.070383
316	-38.073306	145.130356
317	-37.704922	144.905056
318	-37.857463	144.711339
319	-37.898852	144.995459
320	-37.910895	145.02987
321	-37.97826	145.049264
322	-37.856966	144.985098
323	-37.848027	144.984971
324	-37.621368	145.072722
325	-37.707722	145.161686
326	-37.81536	145.035926
327	-37.972196	145.241156
328	-37.71277	144.949522
329	-38.11894	144.688439
330	-37.887682	144.683638
331	-37.769079	145.040722
332	-37.6842124	144.5832469
333	-38.108363	145.307683
334	-37.8530807	144.9793702
335	-38.152505	145.208565
336	-37.82004547	144.9542847
337	-37.77955	144.816957
338	-38.173474	144.712586
339	-37.767498	144.9608
340	-37.84810257	145.0380096
341	-37.956255	145.181272
342	-37.76898956	145.1616211
343	-37.652413	144.418968
344	-37.925548	145.074667
345	-38.303133	145.002499
346	-37.802942	145.137117
347	-37.772304	145.039635
348	-38.013915	145.314872
349	-37.934657	145.185146
350	-37.768586	144.906115
351	-37.860139	144.990285
352	-37.944884	145.021291
353	-38.02672	144.394918
354	-38.071021	145.290309
355	-37.87944031	144.9937592
356	-37.833227	145.0718246
357	-37.953496	145.222355
358	-37.581834	145.120909
359	-37.68615723	144.7773132
360	-37.710116	144.963232
361	-38.10338974	145.2954254
362	-37.80913	145.287734
363	-37.934588	145.0136
364	-38.18528366	144.7115784
365	-37.87913513	144.785965
366	-38.159041	145.123133
367	-37.838083	145.258766
368	-37.691613	144.925883
369	-38.163627	144.3702
370	-37.816085	144.99757
371	-37.874955	145.175873
372	-37.92043	145.178189
373	-37.858051	144.990694
374	-37.798715	145.071434
375	-38.192461	145.197949
376	-37.768625	144.911136
377	-37.775062	144.909046
378	-37.73236465	145.1364746
379	-38.1184955	144.6340487
380	-37.872516	145.166782
381	-37.908837	144.738693
382	-37.803177	145.060134
383	-38.060015	145.124232
384	-37.794952	144.755259
385	-37.816257	144.953289
386	-37.79931641	144.9458008
387	-37.836908	145.10724
388	-37.642178	144.91779
389	-37.854328	144.737486
390	-38.16358185	145.1875763
391	-37.758772	145.005497
392	-37.820405	144.88885
393	-37.69713974	145.1399689
394	-37.824362	144.962089
395	-38.032897	145.350932
396	-37.990327	145.232663
397	-38.230266	145.077418
398	-37.769794	144.92102
399	-38.060733	145.352668
400	-37.854737	144.714604
401	-37.6571846	144.4442444
402	-37.79252	144.810224
403	-37.726194	144.965715
404	-37.992064	145.2222
405	-37.758258	144.923689
406	-37.866964	144.990841
407	-37.768866	144.855051
408	-37.778645	145.276225
409	-37.961578	145.334646
410	-37.698051	144.930721
411	-37.91761017	144.989563
412	-37.7581805	145.1222498
413	-37.85638809	144.969162
414	-37.859824	145.019505
415	-38.037177	145.108701
416	-38.1626744	145.1339231
417	-37.760229	145.331061
418	-37.750842	144.90531
419	-38.264586	145.18476
420	-37.84977341	145.0659027
421	-38.233683	145.16977
422	-37.859027	144.976916
423	-38.223543	145.063177
424	-38.179677	144.369862
425	-37.902375	144.771709
426	-37.563789	144.714061
427	-37.982341	145.058584
428	-37.863058	145.280734
429	-37.79641342	144.9038239
430	-38.352906	145.178485
431	-37.816656	145.089282
432	-37.767003	145.10196
433	-37.892053	144.658668
434	-37.872804	145.187489
435	-37.91817856	145.3503265
436	-37.716079	144.826647
437	-37.8873717	144.9969156
438	-37.71462	145.164596
439	-37.669529	144.999021
440	-37.79916	145.068809
441	-37.851356	145.260509
442	-38.377076	144.793312
443	-37.781465	145.290411
444	-38.37614822	144.8349304
445	-37.806612	145.060745
446	-37.707771	144.927552
447	-37.717136	144.557215
448	-38.357187	144.917615
449	-37.893713	145.157574
450	-37.707607	144.751923
451	-37.869118	144.698774
452	-37.82792664	145.04422
453	-37.835942	145.268066
454	-37.698356	145.023823
455	-37.863408	145.102597
456	-37.814094	145.266628
457	-37.85530472	144.8963928
458	-37.87987	145.094577
459	-37.5375061	144.6165466
460	-37.593475	144.697949
461	-37.916641	145.080986
462	-37.40539	144.805981
463	-37.895079	144.738461
464	-37.598967	144.899651
465	-38.082629	145.317214
466	-38.25707245	144.5126801
467	-37.882392	145.072837
468	-37.78394	145.31016
469	-37.862875	145.109027
470	-37.761742	145.066223
471	-37.746571	144.912947
472	-37.718641	144.939715
473	-37.558498	144.705373
474	-37.8602801	145.0443216
475	-37.821375	144.964912
476	-38.081894	145.298918
477	-37.746688	145.056462
478	-37.727632	144.749474
479	-37.800068	145.172911
480	-38.25049973	145.0490265
481	-37.878904	144.754277
482	-37.787801	144.842846
483	-37.75694	145.324733
484	-37.850027	145.174218
485	-37.839805	144.943343
486	-38.19002	144.704373
487	-37.68967438	144.7865906
488	-37.756167	145.094828
489	-37.99417114	145.2520294
490	-37.816791	144.959996
491	-37.829363	145.208428
492	-37.664546	144.934095
493	-37.784696	145.372848
494	-38.318904	144.991577
495	-37.821403	145.01332
496	-37.714859	144.77168
497	-37.760523	144.942362
498	-38.04585266	145.3366394
499	-38.070542	145.354218
500	-38.277887	145.023462
501	-37.860258	145.137572
502	-38.250774	144.525555
503	-37.873005	145.218757
504	-37.46903	144.594127
505	-37.765876	144.98171
506	-37.81685	145.142018
507	-37.882167	144.990126
508	-37.89076233	145.013855
509	-37.87114716	144.7030487
510	-37.713111	145.1689
511	-37.84062958	144.8849335
512	-37.937	145.082561
513	-37.917774	145.049718
514	-37.93347931	145.0154419
515	-37.865502	145.263187
516	-37.681183	144.579806
517	-37.83852768	144.8812866
518	-38.22612	145.0558167
519	-37.858265	144.732418
520	-37.809653	144.968886
521	-37.740416	144.808663
522	-37.818748	144.954278
523	-37.93063354	145.0522919
524	-37.821489	145.229029
525	-37.676673	144.547087
526	-38.153244	145.156524
527	-38.07487	145.346761
528	-38.000929	145.211685
529	-37.735881	145.074843
530	-38.119604	144.655073
531	-37.97968292	145.0845032
532	-37.91669464	144.9959259
533	-38.383505	144.931052
534	-37.995781	145.0913
535	-37.88546753	145.047348
536	-38.065935	145.334928
537	-37.773534	144.892955
538	-38.054509	145.125206
539	-37.809792	145.315059
540	-38.081729	145.129661
541	-38.155012	144.370277
542	-37.758145	145.307199
543	-37.87425232	144.7792664
544	-37.76015	144.934609
545	-37.686066	144.914687
546	-37.826309	144.84463
547	-37.810011	145.153623
548	-37.786171	145.308619
549	-37.875888	145.114341
550	-38.1540069	145.1116538
551	-37.876068	145.173571
552	-38.001544	145.302643
553	-37.881926	145.258436
554	-38.158046	145.185341
555	-37.783884	144.899136
556	-37.789981	144.976003
557	-37.68998	145.047316
558	-37.8302933	144.9902624
559	-37.88694	145.0421295
560	-38.229622	145.173961
561	-37.365564	144.529407
562	-37.801012	145.029564
563	-37.915151	145.004684
564	-37.7860866	145.2482258
565	-37.867362	144.983917
566	-37.732371	144.754002
567	-38.278231	144.491493
568	-37.461098	144.67459
569	-37.90764999	145.2492065
570	-37.975565	145.056006
571	-38.18808746	144.3930206
572	-37.728066	144.775003
573	-37.772523	145.103272
574	-37.623638	144.921836
575	-38.110018	145.261318
576	-38.255554	145.047962
577	-38.063848	145.143232
578	-37.834836	144.66454
579	-37.791707	145.24683
580	-37.88978958	145.2210388
581	-38.180972	145.119196
582	-37.68735123	144.8706055
583	-37.705878	144.932029
584	-37.805639	145.042888
585	-37.835215	145.056349
586	-37.877262	145.17978
587	-37.73193	145.008302
588	-37.771719	144.913116
589	-37.920648	145.047582
590	-38.151237	144.574823
591	-38.139643	145.133425
592	-37.826962	144.995883
593	-37.788534	145.131924
594	-37.909154	144.73392
595	-37.636426	145.036884
596	-37.75467	145.0085168
597	-37.76276398	145.0579071
598	-37.867454	144.807278
599	-37.781901	145.172977
600	-37.767717	145.056926
601	-38.185075	144.394427
602	-37.842327	144.660316
603	-37.9941597	145.1841431
604	-37.875897	145.134288
605	-37.723951	145.007031
606	-38.272301	144.487448
607	-37.8653351	144.9988724
608	-37.598617	144.925987
609	-37.835436	145.150273
610	-38.31411	144.997792
611	-37.725249	145.133296
612	-37.57733917	144.6966553
613	-37.682285	145.133392
614	-37.913609	144.651503
615	-37.833279	145.053248
616	-38.373703	144.8898773
617	-37.75182	144.759839
618	-37.8596077	144.8202362
619	-37.870768	144.976892
620	-37.576534	144.704735
621	-37.762732	144.793494
622	-38.162367	144.398829
623	-37.362896	144.51991
624	-38.024971	145.109395
625	-37.911602	145.02854
626	-37.766564	145.037537
627	-37.790749	145.106798
628	-37.91837692	145.2236633
629	-37.833393	144.872928
630	-37.700021	144.935585
631	-37.853179	145.11133
632	-38.17543411	145.1350403
633	-37.736052	144.797034
634	-38.156197	144.365544
635	-37.88684082	145.0589905
636	-37.919588	145.141063
637	-38.047718	145.137063
638	-38.084475	145.320183
639	-38.068544	144.369486
640	-37.836882	145.075975
641	-38.086619	145.127811
642	-37.809919	145.241266
643	-37.859329	144.68423
644	-37.799527	144.947618
645	-37.875227	145.032175
646	-37.626611	145.064579
647	-37.765155	144.941528
648	-37.85531	145.006783
649	-37.8014	144.895885
650	-37.50007	145.109784
651	-37.952083	145.042116
652	-37.745146	144.76769
653	-37.853659	145.023705
654	-37.682051	144.569431
655	-37.89553452	145.2802429
656	-37.856671	144.684324
657	-38.371262	144.872949
658	-37.70320511	144.8961639
659	-37.696152	144.925828
660	-37.859162	145.11297
661	-38.105077	145.133196
662	-38.246067	145.037706
663	-37.565463	144.70546
664	-37.98045	145.03919
665	-37.67481232	144.4455872
666	-38.09201431	145.2598877
667	-37.832722	145.240371
668	-37.925788	145.075107
669	-37.854219	145.004622
670	-38.122546	145.125234
671	-38.1410241	145.2524729
672	-37.898064	145.019152
673	-37.713054	145.080823
674	-37.945669	145.01342
675	-37.897586	145.058693
676	-37.856001	145.244357
677	-37.879931	145.007017
678	-37.6698761	144.5935211
679	-37.998261	145.291828
680	-37.815821	144.997455
681	-38.150128	144.372469
682	-37.865175	144.987601
683	-37.841239	144.957913
684	-37.625891	145.065897
685	-37.776566	145.349957
686	-37.715312	144.832578
687	-38.247063	145.062304
688	-37.829341	145.036596
689	-37.759847	144.969543
690	-38.086336	145.281533
691	-38.108724	145.200257
692	-37.8809734	145.0211036
693	-37.601247	144.73398
694	-37.8139781	145.0016578
695	-38.078558	145.126877
696	-37.730364	145.019815
697	-37.915718	145.349444
698	-37.80264	144.9956425
699	-37.869367	145.1428
700	-37.798621	145.086214
701	-37.98321915	145.046402
702	-37.892497	145.11823
703	-38.243534	145.056758
704	-37.8877821	145.1634377
705	-37.892134	145.043168
706	-38.380994	144.791822
707	-37.851706	145.279638
708	-37.80535507	145.3070984
709	-37.80528	145.275962
710	-38.333511	144.977742
711	-37.951021	145.020169
712	-37.73137283	145.0081329
713	-38.341574	144.975486
714	-38.294051	145.14607
715	-37.973972	145.054774
716	-37.82812119	145.1293182
717	-37.983191	145.201747
718	-38.077601	144.363835
719	-37.85026932	145.0080566
720	-37.856005	144.879238
721	-37.850329	145.045861
722	-38.188293	144.391263
723	-37.822936	144.961394
724	-37.90571	145.024998
725	-38.016321	144.405342
726	-37.843394	145.259994
727	-37.881636	145.107317
728	-37.834906	144.6874
729	-37.839518	145.093431
730	-37.820258	145.080652
731	-37.68876648	144.8961182
732	-38.174994	145.136958
733	-37.834005	145.184494
734	-37.815542	145.028161
735	-37.922796	145.047731
736	-37.866745	144.6902618
737	-37.98533	145.078708
738	-37.857185	144.661287
739	-38.157033	145.187127
740	-37.962987	145.214353
741	-38.008191	145.320011
742	-37.818407	145.240418
743	-37.885204	145.172865
744	-37.859936	145.107807
745	-37.84831619	144.7796631
746	-37.81774139	145.1078186
747	-38.063219	145.33704
748	-37.845853	145.288089
749	-37.727683	144.759366
750	-37.492101	144.594073
751	-37.779625	144.998993
752	-37.717049	144.771114
753	-37.737124	145.017681
754	-37.709568	144.775049
755	-37.724776	145.115468
756	-38.368093	144.800306
757	-37.730523	144.813805
758	-38.37994385	144.8575745
759	-37.666849	145.015937
760	-37.946048	145.102634
761	-37.711141	144.997082
762	-38.154881	145.138512
763	-37.72291	144.834947
764	-37.778689	145.123296
765	-37.820398	144.96709
766	-37.691307	144.78867
767	-37.850191	145.036509
768	-37.7610173	145.2899532
769	-37.906338	145.118175
770	-37.83241653	145.0070648
771	-37.963779	145.064051
772	-37.981569	145.245479
773	-37.983822	145.208411
774	-37.869358	144.832079
775	-38.077686	145.345297
776	-37.773806	144.926982
777	-37.82981873	145.2345276
778	-37.850181	145.020819
779	-37.90651321	145.3591309
780	-37.900652	145.164128
781	-38.014437	145.127561
782	-38.226707	144.532056
783	-37.83307266	145.0413208
784	-37.882973	145.110952
785	-37.787864	144.996781
786	-37.884518	144.991689
787	-38.05874	145.145286
788	-38.040865	145.290003
789	-37.71009064	144.7603912
790	-37.7456665	144.9082642
791	-38.160197	145.142359
792	-37.714687	144.83317
793	-37.607228	145.085936
794	-38.103194	145.177082
795	-37.6673719	144.540993
796	-38.24107	145.037862
797	-38.354833	144.760198
798	-37.8944694	144.7785257
799	-37.70501328	144.8942108
800	-37.8996359	145.0433693
801	-37.811043	144.968912
802	-37.813795	145.200918
803	-37.784601	144.859879
804	-38.032905	145.277515
805	-38.192253	144.457595
806	-37.80806	145.081913
807	-38.069923	145.146094
808	-37.853466	144.716712
809	-38.0919002	145.1770284
810	-37.6929413	144.7282307
811	-37.75228119	144.8986816
812	-37.860673	145.084731
813	-37.55522537	144.7109222
814	-37.75871658	144.9364777
815	-38.178323	145.117607
816	-37.933272	145.249866
817	-38.000315	145.084733
818	-38.368858	144.917259
819	-38.068695	145.131744
820	-37.771192	145.128275
821	-37.874411	144.662769
822	-38.060911	145.36591
823	-37.710473	145.134355
824	-37.918032	145.05237
825	-37.845934	145.080898
826	-37.60033	145.089519
827	-37.97932434	145.1260529
828	-37.9154922	145.001395
829	-37.839769	144.86419
830	-38.178764	145.114532
831	-38.188506	145.12114
832	-37.861418	145.295381
833	-37.645897	144.902833
834	-37.873328	145.229186
835	-37.953161	145.030968
836	-38.117757	145.251833
837	-37.709119	145.030992
838	-37.898374	145.017469
839	-37.800516	145.133393
840	-37.8433739	144.939969
841	-38.19785	145.175699
842	-37.669531	144.996571
843	-37.86201859	145.0101929
844	-37.69953156	145.062088
845	-37.848876	145.230223
846	-37.8406166	144.9381629
847	-37.72854233	144.8783875
848	-37.782457	145.33777
849	-37.95069	145.014567
850	-37.368647	144.537427
851	-37.777019	144.812601
852	-38.118651	144.648259
853	-38.3586776	144.9030197
854	-37.82501602	144.9972992
855	-38.0395376	145.371317
856	-38.3880611	144.7967277
857	-37.73690796	145.0360107
858	-37.95452	145.080998
859	-37.68248367	144.575592
860	-38.14384	145.155779
861	-37.807421	144.960817
862	-37.818948	145.013148
863	-37.88103	145.024273
864	-37.7918349	145.001844
865	-37.851425	145.237911
866	-37.775501	145.355977
867	-37.97895	145.206236
868	-37.755364	145.014113
869	-37.7439537	144.8114929
870	-37.809271	145.204946
871	-37.773741	145.111033
872	-37.727093	144.999595
873	-37.837773	144.956062
874	-37.903825	145.315345
875	-37.821413	144.964471
876	-38.231837	145.044104
877	-37.45769299	144.680073
878	-37.872312	145.163884
879	-37.89323044	145.0501862
880	-37.926867	145.174166
881	-37.750181	144.742781
882	-37.600151	145.06837
883	-37.78336	145.095488
884	-37.802678	145.024177
885	-37.7495543	144.9532594
886	-37.86768	144.818534
887	-37.713685	144.986991
888	-37.807967	145.222043
889	-37.833358	144.95641
890	-37.759841	145.154252
891	-37.841094	145.160386
892	-37.814412	145.173714
893	-37.794375	144.863541
894	-38.117502	145.131344
895	-37.887616	145.055178
896	-38.170438	145.140413
897	-37.702174	144.938323
898	-38.256908	144.519915
899	-37.791132	144.757828
900	-37.835992	145.158245
901	-37.818366	144.955424
902	-37.740572	144.990909
903	-37.602711	144.928564
904	-38.270615	145.023312
905	-37.635175	144.925885
906	-37.747549	144.745619
907	-37.838477	145.058865
908	-37.941306	145.00024
909	-38.169903	144.377511
910	-38.0745892	145.3194166
911	-38.255942	144.517513
912	-37.817496	144.99648
913	-37.824866	145.220794
914	-38.3113348	145.0064456
915	-37.891485	145.255372
916	-37.683393	144.753907
917	-37.852424	145.240814
918	-37.67814	145.138783
919	-37.98787	145.083029
920	-37.70041	145.000116
921	-38.063616	145.310269
922	-37.70241928	145.0610504
923	-37.75546265	145.0218964
924	-37.875338	145.229474
925	-38.183158	144.392592
926	-38.06165314	145.1213684
927	-37.8482455	144.8635118
928	-37.801662	145.292823
929	-37.837219	145.01027
930	-37.896755	145.337092
931	-37.844614	144.99571
932	-38.087474	145.32994
933	-38.14675522	145.1882782
934	-37.917942	145.371552
935	-38.383351	144.923104
936	-37.686307	145.115721
937	-37.876315	144.79059
938	-37.964326	145.222392
939	-37.882385	144.613289
940	-37.747848	144.811769
941	-38.232615	145.03178
942	-38.061261	145.297415
943	-37.771779	144.882281
944	-37.583871	144.921393
945	-37.894301	144.731965
946	-37.77546692	144.948288
947	-37.87699	145.147833
948	-38.28256607	145.0064392
949	-38.04230881	145.3324738
950	-37.96273	145.053046
951	-37.8686142	144.8210144
952	-37.986271	145.030879
953	-37.8287735	145.1009064
954	-37.693342	144.764381
955	-37.624828	145.066019
956	-37.707438	145.025621
957	-37.79929	144.879274
958	-37.894084	145.266636
959	-38.228202	145.173723
960	-37.702789	145.058112
961	-37.63064	145.094149
962	-37.729664	144.948265
963	-37.82449722	144.9622345
964	-37.846062	145.046485
965	-38.012414	145.129878
966	-37.655166	145.074697
967	-37.907445	145.120359
968	-37.786901	144.811867
969	-37.74430466	144.7770844
970	-38.164941	144.369747
971	-37.89384	145.247566
972	-38.117119	145.156393
973	-37.894485	145.169133
974	-37.845979	144.991331
975	-38.159279	145.207973
976	-38.101149	145.27915
977	-37.84988403	145.1861115
978	-37.85010529	144.7714386
979	-38.099275	145.319459
980	-37.80991745	144.9710999
981	-38.070462	145.140439
982	-37.700002	145.061148
983	-38.021409	145.115824
984	-38.034531	145.361733
985	-37.828608	145.11868
986	-37.693957	144.556836
987	-37.840408	144.684411
988	-37.67053223	145.0229492
989	-37.950188	145.033774
990	-37.8619598	145.0588961
991	-37.685377	145.052621
992	-37.694552	145.126803
993	-38.050549	145.298041
994	-37.598618	144.925877
995	-38.15632248	144.3770294
996	-38.39405	145.169378
997	-37.669824	144.933401
998	-37.84358215	144.6568146
999	-37.914363	144.634838
0	-38.058961	145.248673
1	-37.895945	145.295724
2	-37.961071	145.053382
3	-38.305304	145.003787
4	-38.359472	144.922908
5	-38.12043381	144.6666565
6	-38.339201	144.979146
7	-37.8632806	144.9857334
8	-38.056572	145.318931
9	-37.882496	144.77835
10	-38.106111	145.183768
11	-38.1507186	145.118661
12	-38.02687836	145.3487244
13	-37.87723923	145.1813965
14	-37.908256	145.109385
15	-37.8624	145.158386
16	-37.9053138	145.0699131
17	-38.370718	145.120008
18	-38.165835	145.105261
19	-37.857913	145.137578
20	-37.720954	144.917873
21	-37.751209	144.917967
22	-37.76802063	144.9407806
23	-37.839965	144.848559
24	-37.850124	145.231373
25	-37.738736	145.005267
26	-37.769267	144.967477
27	-37.710549	144.750964
28	-37.691335	144.743612
29	-37.461176	144.6024
30	-37.583292	144.733373
31	-37.58179474	144.7125549
32	-37.670562	144.937373
33	-37.842307	144.9366481
34	-37.808493	145.11987
35	-37.812755	145.056865
36	-37.595218	144.93113
37	-37.800824	145.293025
38	-37.691391	144.560668
39	-37.813106	145.05355
